10.55
10.55
10.45
10.45
10.40
10.30
10.30
10.30
10.20
9.95
9.80
9.90
9.80
9.50
9.50
9.50
9.50
9.35
9.35
9.10
9.10
9.10
8.80
8.70
8.60
8.15
7.90
7.90
7.85
7.60
7.35
7.25
7.25
7.00
6.85
6.55
6.45
6.30
6.30
6.20
6.20
6.20
6.20
5.95
5.65
5.65
5.45
5.25
5.25
5.35
5.35
5.35
5.50
5.75
5.75
5.75
5.65
5.70
5.60
5.60
5.75
5.75
5.95
6.05
6.05
6.05
6.05
6.05
6.05
6.05
6.05
5.95
5.65
5.65
5.65
5.65
5.65
5.75
5.75
5.75
5.75
5.75
5.70
5.60
5.45
5.45
5.30
5.20
5.20
4.95
4.95
4.95
4.80
4.75
4.75
4.60
4.60
4.60
4.45
4.45
4.30
4.35
4.35
4.35
4.55
4.55
4.55
4.55
4.55
4.55
4.55
4.55
4.55
4.55
4.65
4.65
4.65
4.65
4.65
4.65
4.65
4.65
4.65
4.95
5.10
5.10
5.10
5.10
5.10
5.10
5.40
5.10
5.10
5.10
5.40
5.40
5.40
5.40
5.55
5.40
5.50
5.50
5.45
5.45
5.45
5.45
5.65
5.65
5.65
5.65
5.65
5.65
5.65
5.60
5.60
5.60
5.60
5.60
5.60
5.65
5.80
5.90
5.90
5.90
5.90
5.90
5.90
5.55
5.40
5.40
5.40
5.40
5.40
5.40
5.35
5.35
5.30
5.30
5.30
5.30
5.30
5.30
5.25
5.25
5.25
5.25
5.25
5.25
5.40
5.50
5.70
5.85
5.85
5.90
5.90
5.90
5.90
5.90
5.90
5.90
5.90
5.90
5.90
5.90
5.90
5.75
5.75
5.70
5.70
5.70
5.70
5.70
5.45
5.45
5.20
5.20
5.20
5.15
5.15
5.15
5.15
5.15
5.15
5.15
5.15
5.10
5.10
4.90
4.90
4.90
4.90
4.90
4.90
4.90
4.90
4.90
4.90
4.90
4.90
4.35
4.35
4.35
4.35
4.35
4.35
4.10
4.10
4.10
4.10
4.10
4.10
4.10
4.10
4.10
4.10
4.10
4.10
4.10
4.10
4.10
4.10
4.10
3.85
3.85
3.85
3.85
3.70
3.70
3.35
3.35
3.35
3.35
3.35
3.35
3.35
3.35
3.35
3.35
3.35
3.35
3.35
3.35
3.35
3.35
2.95
2.95
2.95
2.95
2.95
2.95
2.89
2.89
2.89
2.89
2.81
2.56
2.56
2.49
2.49
2.49
2.46
2.46
2.52
2.63
2.63
2.83
2.83
2.93
3.03
3.08
3.08
3.05
3.20
3.30
3.30
3.35
3.45
3.55
3.60
3.60
3.68
3.68
3.78
3.88
3.98
3.98
4.03
4.13
4.13
4.13
4.25
4.30
4.35
4.35
4.40
4.40
4.50
4.50
4.50
4.65
4.70
4.70
4.70
4.90
4.90
4.90
4.75
4.83
4.95
5.05
5.13
5.20
5.30
5.35
5.41
5.41
5.41
5.41
5.41
5.41
5.26
5.16
5.16
5.16
5.36
5.36
5.36
5.50
5.50
5.42
5.42
5.42
5.45
5.45
5.50
5.50
5.55
5.55
5.45
5.45
5.55
5.55
5.55
5.60
5.60
5.60
5.60
5.75
5.75
5.75
5.80
5.95
5.95
5.99
6.29
6.39
6.39
6.24
5.74
5.74
5.64
5.44
5.44
4.99
3.70
3.50
3.50
3.40
3.30
3.15
3.15
2.55
2.40
2.40
2.30
2.30
2.20
2.10
1.99
1.84
1.94
1.94
1.94
1.79
1.79
1.79
1.69
1.69
1.69
1.59
1.49
1.53
1.55
1.55
1.60
1.65
1.75
1.80
1.88
1.95
1.98
2.05
2.15
2.18
2.23
2.38
2.41
2.46
2.51
2.60
2.75
2.80
2.85
2.95
3.00
3.05
3.13
3.20
3.20
3.25
3.30
3.35
3.40
3.50
3.60
3.65
3.75
3.80
3.88
3.93
3.98
3.98
4.15
4.15
4.20
4.30
4.35
4.60
4.50
4.50
4.30
4.20
4.10
4.00
3.95
3.95
3.95
3.95
3.95
3.90
3.90
3.90
3.90
3.77
3.55
3.55
3.35
3.30
3.30
3.30
3.20
3.10
2.98
2.98
2.98
2.78
2.78
2.78
2.78
2.78
2.78
2.78
2.78
2.68
2.63
2.63
2.63
2.58
2.43
2.43
2.36
2.21
2.18
2.15
2.05
2.02
1.97
1.97
1.97
1.97
2.02
2.02
2.04
2.05
1.99
1.89
1.89
1.89
2.09
2.09
2.09
2.19
2.29
2.39
2.39
2.39
2.39
2.45
2.45
2.50
2.50
2.75
2.79
2.79
2.99
3.19
3.24
3.39
3.59
3.59
3.89
4.29
4.59
4.64
5.14
5.59
5.49
5.74
5.99
5.99
5.99
5.99